07 52 18  +22 55 05  07 51 56  +22 54 35  12 19.350
12 04 44  +36 04 28  12 04 22  +36 04 45  13 44.933
09 59 10  +30 19 31  09 58 46  +30 19 21  13 07.683
13 11 26  +28 51 07  13 11 05  +28 51 22  13 54.750
16 20 08  +14 17 28  16 19 48  +14 17 59  12 02.117
17 23 29  +48 04 40  17 23 06  +48 05 49  11 58.367
10 54 04  -10 39 22  10 53 40  -10 40 13  12 40.067
08 04 15  +14 47 56  08 03 53  +14 47 22  12 18.417
13 53 52  +22 24 50  13 53 32  +22 25 00  13 52.967
16 10 44  +54 02 21  16 10 26  +54 03 29  12 52.100
11 57 49  -15 35 48  11 57 27  -15 36 38  12 38.283
11 47 50  +12 08 25  11 47 27  +12 08 06  13 24.083
10 24 15  -20 30 18  10 23 50  -20 31 20  12 12.983
11 22 22  +53 46 11  11 22 00  +53 46 37  13 28.783
16 50 09  +31 59 37  16 49 48  +32 00 25  12 00.217
09 02 38  -06 12 56  09 02 13  -06 13 45  12 15.650
11 47 31  +20 13 04  11 47 08  +20 13 07  11 46.317
12 58 51  -07 34 09  12 58 30  -07 34 46  13 01.267
16 40 27  +41 53 26  16 40 07  +41 54 21  12 28.183
10 59 46  -25 01 13  10 59 22  -25 02 18  12 12.067
07 36 29  +31 34 40  07 36 08  +31 34 21  12 20.300
08 28 51  +50 14 54  08 28 29  +50 14 56  12 47.533
11 47 31  +20 13 04  11 47 11  +20 13 06  11 48.333
13 28 58  +24 03 58  13 28 37  +24 04 07  13 53.867
15 46 47  +08 21 52  15 46 29  +08 22 06  12 31.917
15 55 42  +15 54 01  15 55 24  +15 54 16  12 31.000
15 01 49  -11 48 51  15 01 29  -11 48 57  12 05.733
10 26 39  -04 44 14  10 26 15  -04 45 03  12 40.983
10 54 42  +07 46 17  10 54 18  +07 45 45  13 04.883
06 58 45  +55 18 20  06 58 26  +55 18 21  12 23.100
11 18 04  +01 10 28  11 17 40  +01 09 49  13 03.950
11 50 28  -03 39 21  11 50 05  -03 39 59  13 03.067
15 09 39  +36 41 52  15 09 22  +36 42 25  13 34.400
16 36 26  +59 20 53  16 36 05  +59 22 23  12 26.300
12 47 34  -25 52 09  12 47 13  -25 52 56  12 09.350
14 02 49  +14 12 35  14 02 29  +14 12 32  13 38.800
13 28 42  +51 23 51  13 28 23  +51 24 42  13 30.817
15 09 01  +30 34 24  15 08 44  +30 34 53  13 35.317
08 37 47  -00 15 26  08 37 23  -00 16 11  12 16.550
14 24 52  +07 40 46  14 24 34  +07 40 37  13 19.567
15 21 18  +01 46 49  15 21 00  +01 46 45  12 32.833
09 46 14  +48 12 13  09 45 52  +48 12 20  13 09.583
15 40 54  +19 28 28  15 40 36  +19 28 48  12 55.850
16 17 06  +44 54 44  16 16 48  +44 55 36  12 53.033
15 13 06  +53 39 45  15 12 48  +53 40 45  13 14.033
11 28 42  -26 42 15  11 28 18  -26 43 10  12 11.183
14 42 25  +20 11 50  14 42 06  +20 12 01  13 37.083
16 00 28  -38 23 26  16 00 07  -38 23 48  13 59.050
14 34 46  +28 51 03  14 34 27  +28 51 21  13 51.183
12 17 55  +59 56 46  12 17 34  +59 57 33  13 29.767
14 56 51  +25 14 25  14 56 33  +25 14 43  13 36.200
13 09 45  +50 02 51  13 09 25  +50 03 35  13 47.583
13 50 41  -14 14 35  13 50 21  -14 15 10  12 35.550
14 32 44  +60 30 26  14 32 26  +60 31 37  13 13.100
11 47 29  +20 13 00  11 47 08  +20 13 07  11 43.450
08 14 24  +08 18 40  08 14 01  +08 18 05  12 17.500
13 11 02  -15 52 25  13 10 41  -15 53 09  12 36.467
12 31 05  +18 49 20  12 30 43  +18 49 18  13 42.217
14 53 48  +13 11 44  14 53 30  +13 11 44  13 18.667
15 14 18  +19 36 19  15 14 01  +19 36 31  13 17.767
10 10 02  +56 02 22  10 09 39  +56 02 36  13 10.517
13 13 55  +34 36 28  13 13 34  +34 36 56  13 55.667
13 29 57  +39 36 21  13 29 36  +39 36 56  13 56.550
16 02 32  +06 49 46  16 02 12  +06 50 03  12 03.033
13 23 30  +02 25 29  13 23 09  +02 25 09  13 21.350
14 26 23  -09 53 30  14 26 04  -09 53 53  12 34.633
14 28 30  -18 17 20  14 28 10  -18 17 42  12 06.650
13 59 15  +02 46 47  13 58 56  +02 46 24  13 20.450
16 26 46  +33 58 54  16 26 27  +33 59 38  12 29.117
14 53 13  -37 47 31  14 52 51  -37 48 11  13 59.983
15 08 21  +04 59 12  15 08 03  +04 59 06  12 57.683
14 06 26  -41 09 55  14 06 02  -41 10 47  14 00.817
12 14 20  -27 33 45  12 13 57  -27 34 38  12 10.233
13 26 51  -23 32 01  13 26 31  -23 32 39  12 08.417
09 46 23  +39 41 26  09 46 00  +39 41 22  13 08.633
15 21 07  -06 54 53  15 20 48  -06 54 53  12 04.850
07 05 58  +46 43 53  07 05 38  +46 43 42  12 22.150
11 07 52  +45 54 22  11 07 29  +45 54 38  13 27.850
08 28 26  +42 28 29  08 28 04  +42 28 22  12 46.600
12 22 45  +25 14 38  12 22 23  +25 14 43  13 43.133
15 44 05  +01 43 02  15 43 46  +01 43 10  12 03.917
14 03 52  -21 53 34  14 03 32  -21 54 01  12 07.500
11 21 26  -13 57 37  11 21 02  -13 58 35  12 39.200
14 04 19  -05 34 54  14 04 00  -05 35 17  12 59.483
09 53 43  +01 47 29  09 53 19  +01 46 46  12 41.900
15 05 50  +43 01 40  15 05 32  +43 02 25  13 33.500
08 56 36  +25 03 18  08 56 13  +25 02 53  12 44.700
12 24 40  -05 31 53  12 24 18  -05 32 29  13 02.167
16 18 23  +25 02 20  16 18 04  +25 02 52  12 30.050
15 39 22  +27 50 19  15 39 04  +27 50 40  13 16.833
13 15 46  +13 14 52  13 15 25  +13 14 44  13 40.500
09 54 05  -16 08 14  09 53 40  -16 09 15  12 13.867
14 48 23  -04 44 51  14 48 04  -04 45 04  12 33.750
14 23 00  +16 21 40  14 22 41  +16 21 44  13 37.950
15 31 50  +11 53 33  15 31 33  +11 53 35  12 56.767
16 09 42  +37 13 27  16 09 24  +37 14 09  12 53.967
14 36 16  -01 28 35  14 35 58  -01 28 51  12 58.583
14 20 16  +23 19 04  14 19 57  +23 19 17  13 52.083
15 41 22  +45 37 57  15 41 05  +45 38 49  13 14.950
17 32 02  +56 42 58  17 31 38  +56 44 22  11 57.433
14 41 59  +47 29 18  14 41 41  +47 30 10  13 32.617
14 08 00  +50 10 51  14 07 41  +50 11 45  13 31.733
14 31 59  +34 54 47  14 31 40  +34 55 15  13 50.283
16 46 53  +51 45 26  16 46 33  +51 46 35  12 27.217
13 47 34  +43 24 07  13 47 15  +43 24 48  13 48.500
12 40 17  -39 58 18  12 39 52  -39 59 14  14 01.917
16 57 40  +39 37 08  16 57 18  +39 38 05  11 59.300
12 10 39  +06 27 02  12 10 17  +06 26 42  13 23.183
13 15 35  +61 23 20  13 15 16  +61 24 28  13 12.033
09 29 46  -11 26 32  09 29 21  -11 27 26  12 14.750
13 28 16  -06 00 42  13 27 56  -06 01 18  13 00.383
15 30 20  +61 46 06  15 30 02  +61 47 34  12 51.067
15 55 00  +27 33 58  15 54 43  +27 34 25  12 54.917
12 44 52  +03 44 30  12 44 30  +03 44 05  13 22.283
12 40 45  -17 33 54  12 40 23  -17 34 43  12 37.350
07 18 12  +39 19 02  07 17 51  +39 18 50  12 21.233
16 37 55  +22 49 35  16 37 34  +22 50 09  12 01.167
14 16 54  +39 30 17  14 16 35  +39 30 57  13 49.400
13 39 50  +12 25 01  13 39 30  +12 24 56  13 39.633
15 36 06  +37 00 33  15 35 49  +37 01 10  13 15.900
